M = 10

10   0.112889  0.058666
20   0.172001  0.039556
30   0.266223  0.032445
40   0.470667  0.121334
50   0.610668  0.243556
60   0.841335  0.318667


M = 20

10   0.142223  0.195556
20   0.260445  0.623112
30   0.532446  1.20489
40   0.614223  1.27911
50   0.731557  0.119556
60   1.064     2.03423


M = 30

10   0.133778  0.188
20   0.341779  1.29289
30   0.680001  1.39467
40   0.772446  3.13245
50   1.00222   0.494668
60   1.31822   2.71112


M = 40

10   0.790223  4.01156
20   0.558224  4.11512
30   1.81556   5.95823
40   0.862668  3.82445
50   1.15111   12.3534
60   1.53067   6.70846


M = 50

10   0.349334  1.68267
20   1.04756   4.10312
30   1.18      8.00668
40   1.64889   12.0511
50   1.56489   7.07646
60   1.868     13.9685


M = 60

10   0.332445  1.10356
20   1.764     3.08045
30   2.04134   17.2045
40   1.23645   11.0031
50   2.05467   33.9254
60   2.09023   4.64712


M = 70

10   0.459112  11.3969
20   1.03822   18.5143
30   2.40934   22.4129
40   2.2       10.0071
50   2.71734   26.9418
60   3.23201   28.1996


M = 80

10   1.07956   3.7809
20   11.9116   15.832
30   1.65734   28.4983
40   1.57245   30.7187
50   3.03556   55.8819
60   6.04268   94.6628


M = 90

10   1.05867   12.248
20   1.87467   25.0578
30   1.44845   44.8921
40   7.52846   94.7886
50   3.6569    72.6784
60   6.37557   47.2579


M = 100

10   1.68311   2.74712
20   2.42045   34.2961
30   2.06      111.122
40   5.97157   126.326
50   4.2249    120.656
60   5.51512   118.682


