10  0.1076    0.03467   0.1756    0.06756   0.2822    0.03289   0.4093    0.06578   
20  0.1498    0.3898    0.1973    0.4738    0.3809    0.9618    0.5587    0.9627    
30  0.1311    0.3622    0.316     1.363     0.3947    1.371     0.7609    1.485     
40  0.132     0.2071    0.6396    2.552     1.574     6.158     1.449     6.575     
50  0.4916    1.827     0.6116    4.256     0.6769    1.248     1.721     1.029     
60  0.1329    0.09156   1.731     7.496     0.9876    5.184     1.217     26.71     
70  1.276     3.064     3.525     2.717     1.828     13.08     1.971     14.67     
80  0.4978    0.2751    17.48     42.06     2.905     16.3      3.175     2.043     
90  1.136     4.498     1.18      1.805     4.731     14.18     4.519     85.61     
100 2.566     18.77     9.218     35.88     1.696     39.85     2.435     64.18     
110 1.75      35.67     1.855     10.2      8.558     70.92     12.84     89.05     
120 13.5      29.19     5.409     59.47     16.36     96.08     3.233     127.8     
130 19.04     28.78     10.36     108       7.349     21.77     15.31     201       
140 13.54     57.66     16.34     156.4     3.622     92.02     7.826     250.6     
150 2.575     55.99     6.48      9.274     12.59     204.2     27.63     338.6     
160 1.836     38.44     14.77     159.5     10.98     307.6     12.96     102.8     
