#  N  O(m=5)    nO(m=5)  O(m=10)   nO(m=10) O(m=15)   nO(m=15) O(m=20)   nO(m=20)  O(m=25)   nO(m=25) O(m=30)   nO(m=30) O(m=35)   nO(m=35) 
   5  0.03644   0.01067  0.02933   0.01022  0.04667   0.02356  0.03511   0.009778  0.04711   0.05911  0.04222   0.01467  0.1333    0.1453
  10  0.05733   0.01244  0.09733   0.05067  0.06311   0.01556  0.09333   0.1853    0.1924    0.4187   0.1516    0.3373   0.3876    0.5773
  15  0.09111   0.01022  0.104     0.08045  0.1249    0.1711   0.2067    0.3924    0.1964    1.11     0.2929    0.1511   0.2391    1.268 
  20  0.1293    0.01911  0.1551    0.1351   0.148     0.2356   0.1893    0.06667   0.244     0.872    0.58      2.029    0.6382    1.9   
  25  0.1791    0.036    0.1787    0.1102   0.2827    0.272    0.2902    0.7227    0.2631    0.06933  0.4089    1.062    0.6018    1.641    
  30  0.2276    0.044    0.2271    0.09822  0.3089    0.4729   0.3516    0.8689    0.4516    1.022    0.4404    2.02     0.4667    0.4911
  35  0.2662    0.02356  0.2991    0.2196   0.3489    0.4844   0.4818    1.338     0.7747    1.316    0.828     3.382    0.5951    4.893
  40  0.3542    0.08711  0.3902    0.1916   0.5022    0.5907   0.5822    0.3898    0.928     3.867    0.7124    0.516    0.8387    0.8476
  45  0.4102    0.09956  0.5067    0.212    0.5511    0.4542   0.6538    0.4422    1.074     2.517    0.8178    3.523    0.9044    1.515      
  50  0.5253    0.1218   0.5738    0.3182   0.6951    0.38     0.6756    1.087     1.972     1.102    1.717     2.076    0.9769    3.446           
  55  0.5947    0.03733  0.696     0.1707   0.872     0.1027   0.9013    2.551     2.889     3.608    1.141     5.534    1.336     4.767 
  60  0.7182    0.1222   0.8018    0.2      0.8756    0.09822  1.099     1.419     1.151     1.003    1.492     4.31     1.302     5.744
  65  0.8427    0.04489  0.9502    0.1698   1.02      0.09067  1.098     1.054     1.401     1.342    1.461     5.685    1.619     10.52  
  70  1.04      0.1053   1.115     0.5111   1.209     0.2124   1.288     0.6747    1.407     1.036    1.697     6.417    2.022     1.495
  75  1.121     0.128    1.548     0.2209   1.436     1.185    1.451     2.17      1.628     6.016    1.814     2.757    2.454     2.069     
  80  1.396     0.2093   1.451     0.1058   1.524     0.3116   1.702     4.424     1.942     3.421    1.972     2.243    2.606     9.777