10  0.076     0.008444  0.1502    0.03955   0.2516    0.1818    0.4053    0.1853    0.6538    0.1813    0.8569    0.06756   1.127     0.344     1.501     0.1578    1.956     0.2564    2.411     0.1716    3.134     0.6769    3.885     0.216     
20  0.1022    0.2       0.1778    0.1902    0.3524    0.5493    0.4871    0.2809    0.7262    0.7609    1.068     1.166     1.344     1.336     1.692     0.4507    2.141     2.67      2.691     0.8973    3.434     1.556     4.169     2.531     
30  0.128     0.272     0.6467    0.6058    0.4569    1.467     0.9929    1.073     1.626     0.904     1.321     6.956     1.608     2.354     2.025     2.119     2.455     1.668     3.07      10.38     3.673     5.44      7.263     12.9      
40  0.2422    0.3253    0.3924    2.724     0.8996    0.5582    0.6964    6.293     3.568     11.77     1.809     2.248     2.316     5.702     2.328     5.967     5.479     17.36     3.905     8.185     4.877     18.05     4.932     25.02     
50  0.9613    2.389     0.6804    4.188     0.7529    2.553     1.5       17.87     1.884     21.42     2.719     27.16     2.353     7.918     3.674     25.35     3.541     19.75     5.916     35.35     5.955     48.15     6.185     12.6      
60  2.203     1.897     1.812     10.63     0.9129    10.94     2.093     36.97     1.536     15.64     2.719     46.58     2.788     10.8      4.471     18.34     8.344     68.27     4.796     25.09     6.105     85.7      6.995     62.32     
70  5.615     8.298     1.697     9.005     1.956     6.636     1.852     23.61     3.421     59.61     3.396     67.67     2.996     58.95     3.53      71.49     5.045     67.65     8.079     61.04     6.084     55.2      9.176     15.44     
80  1.516     3.022     0.856     27.83     1.614     23.19     1.87      29.94     2.271     70.19     3.408     18.51     3.879     93.79     3.94      49.28     5.057     132.6     8.73      61.91     7.364     39.93     8.452     152.5     
90  0.3938    5.344     2.002     23.75     1.5       12.2      1.982     10.49     3.677     26.5      5.08      91.61     4.023     108.4     7.975     39.51     7.12      72.9      9.957     187.7     7.842     262.8     10.48     212.6     
100 4.378     10.5      6.907     24.27     7.701     55.95     2.303     74.4      5.669     23.49     7.601     106.2     5.409     52.72     5.648     20.85     7.29      113.4     9.072     210.7     9.7       391.3     9.86      327.9     
110 8.587     10.06     1.643     69.83     7.584     35.05     3.255     93.58     6.49      129.2     14.7      53.94     5.944     91.23     7.608     263.4     16.93     168       8.332     339.7     12.38     102.1     22.67     206.2     
120 0.468     5.478     7.87      43.49     18.04     132.4     6.212     178.1     4.774     212.9     3.868     141       5.92      130.6     8.25      279.2     8.487     43.16     10.26     233.6     12.86     219       14.62     664.7     
130 22.38     119.9     7.85      61.96     8.888     147       6.72      265       18.25     181.9     12.96     465.5     7.265     468.7     9.36      473       11.14     429       10        234.9     14.51     72.87     29.82     179.6     
140 9.689     25.97     1.26      10.88     68.71     182.3     19.44     68.06     4.938     238.6     9.26      26.94     39.41     759.9     20.72     664.5     19.65     571.2     11.86     756.7     26.09     1240      15.86     1089      
150 14.42     60.67     13.6      185.2     21.76     77.29     41.32     42.13     5.63      337       34.96     477.1     34.7      362.1     17.1      423.4     18.04     825.8     14.98     533.2     21.96     923.9     20.22     114.8     
160 10.91     41.02     11.36     223       7.206     296.9     7.213     178.3     6.832     555.1     8.84      99.96     15.01     620       20.32     206.8     34.98     253.1     13.34     498.6     51.97     335.5     46.65     207.1     
